datasetDIR: "/WorkSpace/4block_loc/evo/20120429/"
gtFileName: "gt_2012-04-29.txt"
points_topic: "/points_raw"
numberOfCores: 8
downSampleValueGlobalMap: 0.4
downSampleValueBlockMap: 0.2
blockSize: 100


gt_trans_L: [ 0.002, 0.004, 0.957]

# I_T_L [ x: 0.807, y: 0.166, z: -90.703 ]
# [ -0.0122693,  0.9998251, -0.0141188,
#   -0.9999205, -0.0123089, -0.0027239,
#   -0.0028972,  0.0140843,  0.9998966 ]

# gt_T_L [ x: 180.807, y: 0.166, z: -90.703 ]
gt_R_L: [ -0.0122693,  -0.9998251, 0.0141188,
          -0.9999205, 0.0123089, 0.0027239,
          -0.0028972,  -0.0140843,  -0.9998966 ]

L_T_gt: [ -0.0122693, -0.9999205, -0.0028972, 0.00679684, 
        -0.9998251, 0.0123089, -0.0140843, 0.01542909, 
        0.0141188, 0.0027239, -0.9998966,0.95686191, 
        0, 0, 0, 1]


